-1.568675e+00
-1.564479e+00
-1.551908e+00
-1.530981e+00
-1.501727e+00
-1.464189e+00
-1.418422e+00
-1.364493e+00
-1.302483e+00
-1.232484e+00
-1.154602e+00
-1.068956e+00
-9.756788e-01
-8.749165e-01
-7.668292e-01
-6.515906e-01
-5.293888e-01
-4.004257e-01
-2.649173e-01
-1.230935e-01
2.480199e-02
1.785117e-01
3.377652e-01
5.022788e-01
6.717566e-01
8.458908e-01
1.024363e+00
1.206842e+00
1.392991e+00
1.582462e+00
1.774899e+00
1.969940e+00
2.167219e+00
2.366363e+00
2.567000e+00
2.768752e+00
2.971245e+00
3.174104e+00
3.376957e+00
3.579435e+00
3.781178e+00
3.981829e+00
4.181041e+00
4.378478e+00
4.573811e+00
4.766728e+00
4.956926e+00
5.144119e+00
5.328035e+00
5.508420e+00
5.685034e+00
5.857658e+00
6.026089e+00
6.190144e+00
6.349658e+00
6.504486e+00
6.654503e+00
6.799602e+00
6.939697e+00
7.074721e+00
7.204625e+00
7.329378e+00
7.448968e+00
7.563400e+00
7.672696e+00
7.776894e+00
7.876046e+00
7.970218e+00
8.059491e+00
8.143957e+00
8.223719e+00
8.298892e+00
8.369597e+00
8.435966e+00
8.498136e+00
8.556251e+00
8.610459e+00
8.660911e+00
8.707762e+00
8.751169e+00
8.791286e+00
8.828271e+00
8.862278e+00
8.893460e+00
8.921964e+00
8.947936e+00
8.971517e+00
8.992840e+00
9.012034e+00
9.029220e+00
9.044513e+00
9.058017e+00
9.069831e+00
9.080041e+00
9.088728e+00
9.095959e+00
9.101794e+00
9.106281e+00
9.109459e+00
9.111354e+00
9.111982e+00
9.111350e+00
9.109451e+00
9.106270e+00
9.101778e+00
9.095939e+00
9.088704e+00
9.080013e+00
9.069798e+00
9.057979e+00
9.044470e+00
9.029172e+00
9.011981e+00
8.992781e+00
8.971452e+00
8.947865e+00
8.921886e+00
8.893375e+00
8.862187e+00
8.828173e+00
8.791180e+00
8.751055e+00
8.707640e+00
8.660781e+00
8.610320e+00
8.556103e+00
8.497980e+00
8.435800e+00
8.369422e+00
8.298707e+00
8.223525e+00
8.143752e+00
8.059276e+00
7.969994e+00
7.875811e+00
7.776650e+00
7.672443e+00
7.563137e+00
7.448695e+00
7.329095e+00
7.204333e+00
7.074421e+00
6.939388e+00
6.799285e+00
6.654177e+00
6.504153e+00
6.349318e+00
6.189798e+00
6.025737e+00
5.857300e+00
5.684671e+00
5.508053e+00
5.327664e+00
5.143744e+00
4.956549e+00
4.766349e+00
4.573431e+00
4.378097e+00
4.180660e+00
3.981449e+00
3.780799e+00
3.579059e+00
3.376583e+00
3.173733e+00
2.970879e+00
2.768390e+00
2.566643e+00
2.366012e+00
2.166874e+00
1.969602e+00
1.774569e+00
1.582140e+00
1.392678e+00
1.206537e+00
1.024067e+00
8.456046e-01
6.714803e-01
5.020127e-01
3.375096e-01
1.782669e-01
2.456808e-02
-1.233162e-01
-2.651288e-01
-4.006258e-01
-5.295774e-01
-6.517675e-01
-7.669944e-01
-8.750700e-01
-9.758205e-01
-1.069086e+00
-1.154720e+00
-1.232590e+00
-1.302578e+00
-1.364576e+00
-1.418493e+00
-1.464248e+00
-1.501774e+00
-1.531016e+00
-1.551932e+00
-1.564491e+00
